Passengers: 0.0
Station_Status: 0
Actual_Speed: 43.48787000000001
Actual_Authority: 39.50905707100014
Delta_Position: 0.6751061956926505
Emergency_Brake: 0
Brake_Fail: 0
Signal_Fail: 0
Engine_Fail: 0
Beacon: Nones
Suggested_Speed_Authority: 1010
