Passengers: 115
Station_Status: 0
Actual_Speed: 20
Actual_Authority: 234.0289231606002
Delta_Position: 1388.2481458241725
Emergency_Brake: 0
Brake_Fail: 0
Signal_Fail: 0
Engine_Fail: 0
Beacon: 0
Suggested_Speed_Authority: 1010101000
