Passengers: 150
Station_Status: 0
Actual_Speed: 20
Actual_Authority: 178.66480000000047
Delta_Position: 500.6859379199998
Emergency_Brake: 0
Brake_Fail: 0
Signal_Fail: 0
Engine_Fail: 0
Beacon: 0
Suggested_Speed_Authority: 1010101000
