Passengers: 0
Station_Status: 0
Actual_Speed: 20.062279234999878
Actual_Authority: 961.8026092485061
Delta_Position: 8220
Emergency_Brake: 0
Brake_Fail: 0
Signal_Fail: 0
Engine_Fail: 0
Beacon: 0
Suggested_Speed_Authority: 1010101000