Passengers: 150
Station_Status: 0
Actual_Speed: 0
Actual_Authority: 976.5079627971492
Delta_Position: 46.114072787108235
Emergency_Brake: 1
Brake_Fail: 0
Signal_Fail: 0
Engine_Fail: 0
Beacon: 0
Suggested_Speed_Authority: 1010101000
