Passengers: 150
Station_Status: 0
Actual_Speed: 3.765926387537
Actual_Authority: 979.4666199999997
Delta_Position: 74.70886869542684
Emergency_Brake: 0
Brake_Fail: 0
Signal_Fail: 0
Engine_Fail: 0
Beacon: 0
Suggested_Speed_Authority: 1010101000
