Passengers: 150
Station_Status: 0
Actual_Speed: 20.176751124165367
Actual_Authority: 890.9731694743863
Delta_Position: 66.46275588841381
Emergency_Brake: 0
Brake_Fail: 0
Signal_Fail: 0
Engine_Fail: 0
Beacon: 0
Suggested_Speed_Authority: 1010101000
